0 0 0.313507214871
0 1 0.722548149168
0 2 0.376719093121
0 3 0.729120897436
0 4 0.738773363812
0 5 0.535744270224
0 6 0.728645726582
0 7 0.996978791392
0 8 0.892913662809
0 9 0.103647016274
1 0 0.795519125926
1 1 0.151129052043
1 2 0.272535709897
1 3 0.827363853773
1 4 0.767886077009
1 5 0.0853954008288
1 6 0.237556560063
1 7 0.695386797497
1 8 0.15527910337
1 9 0.0371231331433
2 0 0.822991085685
2 1 0.684070835817
2 2 0.22086473593
2 3 0.541263261385
2 4 0.953515844762
2 5 0.827501467247
2 6 0.925243167421
2 7 0.470325895746
2 8 0.138698701395
2 9 0.138986859604
3 0 0.63971894883
3 1 0.39623178931
3 2 0.867693257942
3 3 0.393940763303
3 4 0.746253923213
3 5 0.450323324613
3 6 0.0612646147159
3 7 0.19464255711
3 8 0.217485500876
3 9 0.992901077567
4 0 0.258848808337
4 1 0.498520439988
4 2 0.766154803672
4 3 0.983041225705
4 4 0.352138291334
4 5 0.829745295822
4 6 0.135184796069
4 7 0.750315260828
4 8 0.617944190639
4 9 0.56539063912
5 0 0.0739428789347
5 1 0.174238689263
5 2 0.407695282052
5 3 0.427290085394
5 4 0.993907054414
5 5 0.862365471114
5 6 0.716859824143
5 7 0.791385030196
5 8 0.497859899433
5 9 0.609394601775
6 0 0.0850789936122
6 1 0.278216913786
6 2 0.89249006894
6 3 0.600099346245
6 4 0.763854897594
6 5 0.336555271801
6 6 0.0615070952464
6 7 0.266129680011
6 8 0.5846376672
6 9 0.964779311576
7 0 0.901147469893
7 1 0.194809753988
7 2 0.870892044107
7 3 0.491562110915
7 4 0.486976601146
7 5 0.0762499765614
7 6 0.704744206981
7 7 0.0646269150211
7 8 0.211501370254
7 9 0.0285488155294
8 0 0.98123368928
8 1 0.358255385788
8 2 0.740058644118
8 3 0.42239479917
8 4 0.97285014624
8 5 0.225790976563
8 6 0.636719661337
8 7 0.556669771421
8 8 0.399127437086
8 9 0.0401119405198
9 0 0.67306245919
9 1 0.789977699842
9 2 0.988772864156
9 3 0.206765360446
9 4 0.299798810514
9 5 0.278184442168
9 6 0.0245296021933
9 7 0.382537476883
9 8 0.439773964899
9 9 0.636771097128
